Timestamp,Transform
0.0,0.9954149,0.06928041,0.065950975,0.0,-0.0039556837,0.71871465,-0.69529384,0.0,-0.09557018,0.691845,0.71569335,0.0,0.056541823,-0.018045867,-0.029765137,1.0
0.03333679199567996,0.99556863,0.06757601,0.06539602,0.0,-0.0031145092,0.7187336,-0.6952785,0.0,-0.09398648,0.69199383,0.71575916,0.0,0.056621514,-0.017788576,-0.02959861,0.99999994
0.0666737919964362,0.9957771,0.06406505,0.06575633,0.0,-0.0002712776,0.7183082,-0.6957249,0.0,-0.091804974,0.69276905,0.7152922,0.0,0.05690397,-0.017558508,-0.029617306,1.0000001
0.10001062499941327,0.9958705,0.062383227,0.06595791,0.0,0.0010673028,0.7184249,-0.6956036,0.0,-0.09077982,0.69280154,0.71539164,0.0,0.05712344,-0.017361008,-0.029494062,1.0
0.13334733300143853,0.99589,0.062242072,0.06579487,0.0,0.0009956864,0.7188803,-0.6951331,0.0,-0.09056517,0.6923417,0.7158638,0.0,0.057074293,-0.017352432,-0.029377937,1.0
0.16668429199489765,0.9958575,0.0630405,0.065528944,0.0,0.00021809248,0.7189997,-0.69501036,0.0,-0.090929106,0.6921455,0.7160074,0.0,0.056957863,-0.017536249,-0.029391192,1.0
0.20002116699470207,0.9958738,0.06378304,0.06455384,0.0,-0.0009707706,0.71878767,-0.69522893,0.0,-0.09074433,0.69229764,0.71588373,0.0,0.05714836,-0.017947601,-0.02949392,1.0
0.26669487499748357,0.99583095,0.0655695,0.06341476,0.0,-0.0029783214,0.7181985,-0.6958319,0.0,-0.09116974,0.69274205,0.71539956,0.0,0.05723445,-0.018372903,-0.029560111,1.0
0.3000316669931635,0.99581796,0.066075906,0.063092306,0.0,-0.0035782729,0.7182682,-0.69575703,0.0,-0.09128999,0.6926216,0.71550083,0.0,0.05730116,-0.018540988,-0.029616855,1.0
0.33336854199296795,0.99583346,0.06614399,0.062775925,0.0,-0.0038255663,0.71809417,-0.6959353,0.0,-0.09111098,0.6927956,0.7153552,0.0,0.057366643,-0.018624913,-0.029800797,0.99999994
0.3667054580000695,0.995851,0.065778166,0.06288259,0.0,-0.003459774,0.71788627,-0.6961518,0.0,-0.090934135,0.69304585,0.7151353,0.0,0.057324532,-0.018486585,-0.02988676,1.0
0.40004224999574944,0.9958559,0.065375604,0.06322315,0.0,-0.0029239703,0.71783006,-0.6962122,0.0,-0.09089879,0.6931421,0.7150465,0.0,0.057301685,-0.018409137,-0.030233264,1.0
0.4333791669923812,0.99588436,0.06462058,0.06354951,0.0,-0.002122408,0.7176087,-0.69644314,0.0,-0.09060826,0.693442,0.71479243,0.0,0.057221804,-0.018299209,-0.030743733,1.0
0.46671595799853094,0.9959371,0.063200444,0.064147815,0.0,-0.0006263694,0.717192,-0.6968752,0.0,-0.09004914,0.6940038,0.7143178,0.0,0.05719366,-0.018008124,-0.031272992,1.0
0.5000528749951627,0.99599504,0.061294448,0.0650916,0.0,0.0014368234,0.7169558,-0.69711715,0.0,-0.089397214,0.6944188,0.7139963,0.0,0.057208255,-0.017834403,-0.031795822,1.0
0.6000633749936242,0.99613374,0.06070613,0.06350174,0.0,0.0007614239,0.71684563,-0.6972314,0.0,-0.08784718,0.6945841,0.714028,0.0,0.05604282,-0.017197605,-0.03328679,0.99999994
0.6334001249924768,0.9962118,0.06120643,0.061772604,0.0,-0.0009220882,0.7177497,-0.69630057,0.0,-0.08695535,0.69360596,0.71508723,0.0,0.055287242,-0.016996328,-0.033798013,0.99999994
0.6667370829964057,0.9963468,0.06086566,0.059905026,0.0,-0.0021659976,0.7192447,-0.69475347,0.0,-0.08537301,0.6920856,0.7167491,0.0,0.054503307,-0.01694412,-0.034457043,1.0
0.7000739579962101,0.99645364,0.06066756,0.0583065,0.0,-0.0032489116,0.7201609,-0.6937994,0.0,-0.084081195,0.69114953,0.7178041,0.0,0.053802017,-0.016997311,-0.03511834,1.0
0.73341074999189,0.99651194,0.061621346,0.056275707,0.0,-0.0054282756,0.72078824,-0.693134,0.0,-0.08327473,0.69041085,0.71860856,0.0,0.053036492,-0.0172235,-0.03581746,1.0
0.7667476249916945,0.9964145,0.06552034,0.053527243,0.0,-0.010241563,0.7214249,-0.69241685,0.0,-0.08398329,0.689386,0.71950936,0.0,0.052270282,-0.01797562,-0.036616527,0.9999998
0.8000843329937197,0.9960973,0.07198792,0.05106763,0.0,-0.016738933,0.7221701,-0.6915128,0.0,-0.0866601,0.68795925,0.7205568,0.0,0.051687177,-0.019173546,-0.037411746,0.99999994
0.8334212499903515,0.99581623,0.076257765,0.050347704,0.0,-0.02036197,0.7223012,-0.6912787,0.0,-0.089081585,0.68736136,0.72083205,0.0,0.051309895,-0.020634582,-0.038560618,0.9999999
0.8667579999892041,0.9957017,0.07762541,0.050521344,0.0,-0.02119774,0.72200024,-0.69156796,0.0,-0.09015968,0.6875245,0.7205424,0.0,0.051182035,-0.022033121,-0.039778896,1.0
0.9000948749890085,0.9957975,0.07602332,0.05106887,0.0,-0.019621884,0.7217723,-0.69185233,0.0,-0.08945701,0.6879427,0.72023076,0.0,0.051257662,-0.02328116,-0.040522087,0.99999994
0.9334317919856403,0.9960077,0.07369465,0.050376687,0.0,-0.018248223,0.72050196,-0.6932127,0.0,-0.08738258,0.68952596,0.71897024,0.0,0.051247653,-0.02448706,-0.04151472,0.99999994
0.9667684999876656,0.99628484,0.07153298,0.04795573,0.0,-0.018109607,0.7184097,-0.6953843,0.0,-0.08419479,0.69193244,0.7170361,0.0,0.051054854,-0.025800955,-0.04256195,1.0
1.00010537498747,0.9964995,0.07038879,0.04510516,0.0,-0.018974863,0.715883,-0.6979622,0.0,-0.081418745,0.6946631,0.7147127,0.0,0.05082927,-0.027233707,-0.04338529,1.0
1.033442207990447,0.9966323,0.070270315,0.042264666,0.0,-0.020609247,0.7135187,-0.700333,0.0,-0.07936926,0.6971034,0.712564,0.0,0.050272383,-0.02885116,-0.04441776,1.0
1.066778999986127,0.9966997,0.070612095,0.040046033,0.0,-0.022220273,0.7117891,-0.7020417,0.0,-0.07807697,0.698835,0.711009,0.0,0.049611147,-0.030612763,-0.04557719,1.0
1.1001157499849796,0.9967349,0.07091424,0.038609456,0.0,-0.023386082,0.71122295,-0.70257723,0.0,-0.07728268,0.6993804,0.7105592,0.0,0.049038284,-0.032330733,-0.04684518,0.9999999
1.1334525419806596,0.9967708,0.07140797,0.03672866,0.0,-0.025118265,0.71170807,-0.70202595,0.0,-0.07627034,0.69883645,0.71120346,0.0,0.048322562,-0.03440196,-0.04827616,0.9999999
1.1667894579877611,0.99681354,0.07182579,0.03469712,0.0,-0.026978655,0.7129183,-0.7007279,0.0,-0.07506656,0.697559,0.7125845,0.0,0.04748872,-0.036675572,-0.049990915,1.0
1.2001261249824893,0.9968654,0.071601145,0.0336567,0.0,-0.027687376,0.714222,-0.69937134,0.0,-0.07411415,0.6962472,0.71396565,0.0,0.046655193,-0.039051197,-0.051907897,1.0
1.2334630420082249,0.99692464,0.070979744,0.033214606,0.0,-0.027598862,0.71468085,-0.69890594,0.0,-0.07334601,0.6958399,0.71444196,0.0,0.04584246,-0.042043306,-0.05437573,1.0
1.2667997499811463,0.99690324,0.070514575,0.03481059,0.0,-0.02616653,0.7148818,-0.69875556,0.0,-0.074157916,0.69568074,0.71451306,0.0,0.04495307,-0.045338422,-0.056981504,1.0
1.3001365829841234,0.99690735,0.06981463,0.036080834,0.0,-0.024832008,0.71543866,-0.69823414,0.0,-0.07456059,0.69517875,0.7149597,0.0,0.043783072,-0.048817765,-0.05976704,1.0000001
1.3334734579839278,0.99702245,0.06795961,0.036439832,0.0,-0.023370532,0.71662873,-0.6970631,0.0,-0.07348598,0.69413596,0.71608317,0.0,0.042721916,-0.052728258,-0.06249016,0.99999994
1.3668102079827804,0.99724776,0.06564275,0.034467235,0.0,-0.023114188,0.71697724,-0.6967133,0.0,-0.0704464,0.69399905,0.7165212,0.0,0.041679353,-0.05688965,-0.06518599,0.99999994
1.4001470000075642,0.997536,0.062551774,0.031764932,0.0,-0.022701204,0.71622676,-0.6974982,0.0,-0.06638066,0.6950586,0.71588206,0.0,0.04102177,-0.06105253,-0.06783806,0.9999999
1.4334836670022923,0.9978254,0.059220932,0.028938817,0.0,-0.022133498,0.71459556,-0.6991874,0.0,-0.062086094,0.69702655,0.7143524,0.0,0.040061265,-0.06495577,-0.070416115,0.9999999
1.4668205420020968,0.9980859,0.055794846,0.026675398,0.0,-0.021089524,0.7125512,-0.70130306,0.0,-0.05813669,0.69939816,0.712364,0.0,0.039118115,-0.06860548,-0.07281952,1.0
1.5001572080072947,0.99827874,0.05262652,0.025885621,0.0,-0.019145053,0.7096091,-0.70433533,0.0,-0.0554354,0.7026275,0.70939523,0.0,0.038605317,-0.07164692,-0.07497869,1.0
1.533494083007099,0.9984737,0.048421092,0.026565846,0.0,-0.015491261,0.70722824,-0.7068155,0.0,-0.0530129,0.7053251,0.706899,0.0,0.037828755,-0.074701205,-0.07731185,1.0
1.5668309169996064,0.99864435,0.04377126,0.02817337,0.0,-0.010934522,0.705548,-0.7085778,0.0,-0.05089301,0.7073091,0.7050701,0.0,0.037026446,-0.07752949,-0.079622604,1.0000001
1.6001675830048043,0.99880135,0.03931015,0.02916528,0.0,-0.006996462,0.7043797,-0.7097889,0.0,-0.048445344,0.70873415,0.7038104,0.0,0.03634634,-0.079731956,-0.08142392,1.0000001
1.6335044169973116,0.9989467,0.03554829,0.029011924,0.0,-0.0043857424,0.7033622,-0.710818,0.0,-0.045674257,0.70994216,0.7027774,0.0,0.035550214,-0.08216648,-0.083452955,1.0
1.6668410830025095,0.9990483,0.033260103,0.028218623,0.0,-0.0032543265,0.70198494,-0.71218425,0.0,-0.043496374,0.7114147,0.70142514,0.0,0.03465519,-0.084438264,-0.08536629,1.0
1.7001778749981895,0.99913806,0.03222267,0.026170122,0.0,-0.003921253,0.70087945,-0.71326894,0.0,-0.041325536,0.71255153,0.7004017,0.0,0.03373709,-0.08619228,-0.08678668,1.0
1.7335144999960903,0.99919784,0.03243116,0.02349607,0.0,-0.005962803,0.7006339,-0.713496,0.0,-0.03960165,0.7127836,0.7002652,0.0,0.032859754,-0.08818126,-0.08831358,1.0
1.7668513329990674,0.9991965,0.033845667,0.021467617,0.0,-0.008434681,0.70119816,-0.7129165,0.0,-0.039182194,0.7121626,0.7009203,0.0,0.03202116,-0.09017,-0.08973018,1.0
1.8001882079988718,0.9991079,0.03760233,0.019226152,0.0,-0.012717549,0.70199287,-0.7120703,0.0,-0.04027213,0.7111906,0.7018449,0.0,0.031287342,-0.091978006,-0.090876356,0.99999994
1.866861541988328,0.9987663,0.047079775,0.015789058,0.0,-0.021978877,0.7042487,-0.7096129,0.0,-0.044527847,0.7083905,0.7044148,0.0,0.029695518,-0.095925905,-0.093388155,0.9999999
1.900198207993526,0.99859995,0.050995104,0.014061091,0.0,-0.026066286,0.70567274,-0.7080582,0.0,-0.046030037,0.7067004,0.70601404,0.0,0.02899377,-0.09785707,-0.09397774,1.0
1.9335350419860333,0.9984599,0.053920854,0.013064644,0.0,-0.02887262,0.7060725,-0.7075506,0.0,-0.047376323,0.70608366,0.70654196,0.0,0.028621104,-0.10025321,-0.095314436,1.0
1.966871832992183,0.99841267,0.054883692,0.01265146,0.0,-0.029857088,0.70620376,-0.7073788,0.0,-0.047758073,0.70587826,0.70672137,0.0,0.028631747,-0.102888845,-0.096605904,1.0
2.000208457990084,0.9984276,0.054338932,0.01376711,0.0,-0.028654478,0.7058264,-0.707805,0.0,-0.04817857,0.7062976,0.70627373,0.0,0.028738433,-0.1055796,-0.09802097,0.9999999
2.033545249985764,0.99846673,0.0526607,0.01706236,0.0,-0.02506934,0.70497537,-0.7087886,0.0,-0.049353853,0.7072741,0.7052147,0.0,0.029374992,-0.108775154,-0.09942704,0.99999994
2.0668819999846164,0.99841636,0.052464854,0.020307053,0.0,-0.02247293,0.70285535,-0.7109777,0.0,-0.051574264,0.7093954,0.7029213,0.0,0.030036248,-0.11226776,-0.10069413,1.0
2.10021858298569,0.99834263,0.05237928,0.023843788,0.0,-0.019712297,0.70046854,-0.7134109,0.0,-0.054069776,0.71175855,0.70034015,0.0,0.030462109,-0.11590599,-0.1017727,1.0
2.1335554579854943,0.99825454,0.051998,0.028004136,0.0,-0.016223164,0.69735396,-0.7165432,0.0,-0.056787614,0.7148382,0.69698036,0.0,0.031167531,-0.11929958,-0.10248671,1.0
2.166892082983395,0.9981901,0.051464606,0.031110588,0.0,-0.013348866,0.69404,-0.7198126,0.0,-0.058636878,0.7180946,0.69347095,0.0,0.031879727,-0.12251,-0.10314531,0.99999994
2.2002287920040544,0.9981649,0.049755283,0.034517825,0.0,-0.009640857,0.69331,-0.72057486,0.0,-0.05978396,0.71891975,0.6925174,0.0,0.032484643,-0.12518293,-0.10384034,1.0
2.233565542002907,0.99810475,0.05011882,0.035709746,0.0,-0.009132923,0.6944872,-0.719447,0.0,-0.060857795,0.7177574,0.6936287,0.0,0.0328507,-0.12790418,-0.10411301,1.0000001
2.2669022920017596,0.997784,0.055297192,0.037005354,0.0,-0.011812595,0.6945441,-0.71935314,0.0,-0.06548007,0.71732193,0.6936582,0.0,0.032658618,-0.13070655,-0.10460807,1.0
2.300238875002833,0.9972386,0.063495174,0.038518976,0.0,-0.016394218,0.69408756,-0.71970385,0.0,-0.07243327,0.71708494,0.6932119,0.0,0.032016475,-0.13333291,-0.10522062,1.0
2.3335756250016857,0.9966564,0.072266236,0.03812683,0.0,-0.022781251,0.69389844,-0.7197124,0.0,-0.078467056,0.7164374,0.69322467,0.0,0.031336557,-0.13604672,-0.105834104,0.99999994
2.3669124169973657,0.99615085,0.08002191,0.035779074,0.0,-0.02989664,0.6938617,-0.7194873,0.0,-0.082400486,0.71564823,0.6935833,0.0,0.030627586,-0.13866097,-0.10635438,1.0
2.4002490419952665,0.99589485,0.08400031,0.03372744,0.0,-0.034325976,0.6952362,-0.7179612,0.0,-0.08375751,0.71385616,0.69526553,0.0,0.030297913,-0.14112118,-0.106584884,1.0
2.433585791994119,0.9958795,0.084396325,0.03318623,0.0,-0.035104632,0.69617796,-0.7170103,0.0,-0.08361657,0.71289086,0.6962721,0.0,0.030275093,-0.14324751,-0.10677421,0.9999999
2.46692241699202,0.99602115,0.08180874,0.035344534,0.0,-0.03188715,0.69750816,-0.7158669,0.0,-0.08321728,0.71189165,0.69734156,0.0,0.030607408,-0.14502425,-0.1067508,1.0000001
2.5002592079981696,0.99614376,0.078749605,0.038680773,0.0,-0.027358487,0.69769734,-0.71587,0.0,-0.08336196,0.7120512,0.6971614,0.0,0.03124974,-0.14633197,-0.10705793,0.9999999
2.5335958329960704,0.99607414,0.07723184,0.043262266,0.0,-0.022966236,0.6974331,-0.71628165,0.0,-0.085492305,0.7124761,0.6964689,0.0,0.031656154,-0.14760746,-0.10687443,0.99999994
2.566932541987626,0.9959155,0.077214435,0.046799604,0.0,-0.020275202,0.6963409,-0.71742463,0.0,-0.08798403,0.7135455,0.6950623,0.0,0.031826675,-0.14881761,-0.106751375,1.0
2.6002692919864785,0.9959339,0.07587919,0.048559066,0.0,-0.018037157,0.6960677,-0.71774954,0.0,-0.08826266,0.7139553,0.69460607,0.0,0.03172692,-0.14962652,-0.10673373,0.99999994
2.6336059169843793,0.99600774,0.07433873,0.049420692,0.0,-0.016294135,0.6957244,-0.7181239,0.0,-0.08776761,0.7144518,0.69415814,0.0,0.03156944,-0.15024133,-0.10640701,1.0
2.66694254198228,0.99601984,0.072827116,0.051388185,0.0,-0.013773448,0.6953721,-0.7185177,0.0,-0.0880615,0.71495014,0.6936075,0.0,0.03141121,-0.15074964,-0.10611654,1.0
2.7002792499843054,0.9960288,0.07214784,0.052168164,0.0,-0.01267994,0.6949218,-0.7189735,0.0,-0.088125184,0.71545684,0.69307697,0.0,0.03136468,-0.15107717,-0.10616642,1.0000001
2.733615874982206,0.9961075,0.071405284,0.05168364,0.0,-0.012534625,0.69511986,-0.71878445,0.0,-0.08725135,0.7153389,0.6933091,0.0,0.031090502,-0.15150714,-0.105901144,0.99999994
2.7669526249810588,0.99621713,0.070793934,0.050394896,0.0,-0.0130827,0.6955006,-0.7184063,0.0,-0.08590851,0.7150294,0.69379586,0.0,0.030738933,-0.15201479,-0.10564213,0.99999994
2.800289167003939,0.99635255,0.069231704,0.049887452,0.0,-0.012359384,0.6955322,-0.7183886,0.0,-0.08443361,0.7151517,0.69385093,0.0,0.03050166,-0.15256457,-0.10566393,1.0
2.833625957980985,0.99649274,0.06678813,0.050416905,0.0,-0.010230721,0.6952048,-0.7187389,0.0,-0.08305331,0.71570224,0.6934498,0.0,0.030448422,-0.15303788,-0.105530925,1.0
2.8669627079798374,0.99663436,0.063776776,0.05150371,0.0,-0.0071608233,0.6936048,-0.72032017,0.0,-0.08166292,0.717527,0.6917271,0.0,0.030484471,-0.15345562,-0.105555184,1.0
2.9002992500027176,0.99675167,0.060842954,0.05276718,0.0,-0.0040646293,0.69235885,-0.7215419,0.0,-0.08043457,0.71898353,0.69035715,0.0,0.030738156,-0.1536404,-0.1056881,1.0
2.93363600000157,0.9965787,0.06236727,0.054232467,0.0,-0.0041466537,0.6930831,-0.7208457,0.0,-0.0825448,0.71815467,0.69097054,0.0,0.030738065,-0.15379336,-0.10533037,0.99999994
2.9669727080035955,0.9964624,0.06407099,0.054385267,0.0,-0.005540747,0.695807,-0.7182074,0.0,-0.08385792,0.71536535,0.6937005,0.0,0.030654885,-0.15367217,-0.10459788,1.0000001
3.000309249997372,0.9964672,0.06441275,0.053893138,0.0,-0.0062251044,0.69658184,-0.71745026,0.0,-0.08375394,0.7145801,0.6945219,0.0,0.0309236,-0.1533363,-0.10440358,1.0
3.0336458749952726,0.99648285,0.06365666,0.05449562,0.0,-0.0051294826,0.6954464,-0.7185597,0.0,-0.0836399,0.71575284,0.69332695,0.0,0.031115867,-0.15337001,-0.104265966,0.99999994
3.066982582997298,0.9963565,0.06440036,0.055913888,0.0,-0.004590725,0.6951482,-0.71885175,0.0,-0.08516277,0.715976,0.69291115,0.0,0.031264756,-0.15354368,-0.104095496,0.99999994
3.1003193329961505,0.99609077,0.06696478,0.057610795,0.0,-0.0053400667,0.69663095,-0.7174098,0.0,-0.08817466,0.71429765,0.69426525,0.0,0.031531297,-0.15357147,-0.10376661,1.0
3.1336559579940513,0.9958405,0.06901877,0.059483465,0.0,-0.005687757,0.69865817,-0.71543294,0.0,-0.09093692,0.7121188,0.6961447,0.0,0.031876404,-0.15371862,-0.103261225,1.0
3.166992541984655,0.9957024,0.0682749,0.062574215,0.0,-0.0031993564,0.7006143,-0.71353304,0.0,-0.0925568,0.71026635,0.69782174,0.0,0.03275863,-0.15386122,-0.10274511,1.0
3.2003291669825558,0.9956152,0.066387825,0.0659019,0.0,0.0005788692,0.7001186,-0.7140262,0.0,-0.0935418,0.71093357,0.69701034,0.0,0.033813115,-0.15393034,-0.10283924,1.0
3.2336658329877537,0.99559176,0.06463294,0.06796807,0.0,0.0033308263,0.6998413,-0.71429044,0.0,-0.09373358,0.7113681,0.696541,0.0,0.034664255,-0.15409784,-0.10268168,0.9999999
3.267002542008413,0.9955218,0.06437402,0.06922698,0.0,0.004364661,0.70022756,-0.71390635,0.0,-0.09443167,0.7110115,0.6968109,0.0,0.035171837,-0.15417796,-0.10242667,1.0
3.300339207984507,0.99529994,0.06673083,0.070178784,0.0,0.0034440353,0.69983506,-0.714296,0.0,-0.09677915,0.71118057,0.696316,0.0,0.03515071,-0.15407208,-0.10223283,0.9999998
3.3336757500073873,0.99513805,0.068967305,0.070312485,0.0,0.0019176634,0.7001995,-0.71394455,0.0,-0.09847161,0.71060824,0.696663,0.0,0.034981422,-0.15403785,-0.10197137,1.0000001
3.3670124579803087,0.9951075,0.07004598,0.06967616,0.0,0.00080608006,0.6994532,-0.714678,0.0,-0.09879553,0.71123755,0.69597465,0.0,0.03464933,-0.15417431,-0.10180358,1.0
3.400349042000016,0.99502134,0.070693724,0.070249826,0.0,0.00074395403,0.699588,-0.714546,0.0,-0.099659875,0.7110408,0.69605243,0.0,0.034398694,-0.15416677,-0.101537645,0.9999999
3.433685708005214,0.99482965,0.07245053,0.07116806,0.0,0.0001183256,0.69993716,-0.7142044,0.0,-0.101557665,0.71052015,0.69630975,0.0,0.03423257,-0.15439527,-0.10115471,0.99999994
3.4670224580040667,0.9947052,0.073724985,0.07159686,0.0,-0.0005060621,0.70018244,-0.7139636,0.0,-0.10276785,0.7101472,0.6965125,0.0,0.03400339,-0.15457024,-0.10076073,0.9999999
3.500358999997843,0.9946806,0.07430677,0.0713381,0.0,-0.0012508592,0.70121217,-0.7129515,0.0,-0.10300028,0.7090698,0.69757515,0.0,0.033821244,-0.1544738,-0.10052777,0.99999994
3.5336955419916194,0.99458075,0.07502351,0.07197758,0.0,-0.0013318758,0.70144373,-0.71272355,0.0,-0.10395925,0.70876527,0.6977423,0.0,0.033783346,-0.15459962,-0.10022897,1.0
3.5670323749945965,0.9946356,0.07348054,0.07280553,0.0,0.00030691482,0.701737,-0.71243596,0.0,-0.10344052,0.7086366,0.6979501,0.0,0.033874135,-0.15437761,-0.10006362,0.9999999
3.600368916988373,0.99466795,0.070648305,0.07513051,0.0,0.0039025773,0.7021971,-0.7119718,0.0,-0.103056036,0.7084688,0.6981772,0.0,0.034247953,-0.1537303,-0.10006815,0.9999999
3.6337055419862736,0.99472606,0.065606,0.078841515,0.0,0.010218968,0.70146143,-0.7126341,0.0,-0.10205736,0.70968145,0.6970916,0.0,0.03509792,-0.1532565,-0.10020871,1.0
3.6670421669841744,0.99481297,0.06024283,0.08196351,0.0,0.016249003,0.7013058,-0.7126753,0.0,-0.10041507,0.71031046,0.69668925,0.0,0.03590862,-0.1526491,-0.10036252,1.0
3.7003786669811234,0.9948753,0.0555724,0.08446865,0.0,0.021322416,0.70131326,-0.71253425,0.0,-0.098836236,0.7106838,0.69653434,0.0,0.036729496,-0.15228224,-0.10067329,1.0000001
3.733715457987273,0.9948456,0.053378254,0.08621475,0.0,0.024201524,0.7006718,-0.7130731,0.0,-0.09847085,0.7114842,0.6957685,0.0,0.03723843,-0.15204334,-0.100855984,0.99999994
3.7670520420069806,0.9948332,0.053039413,0.086566225,0.0,0.024673015,0.7008013,-0.7129296,0.0,-0.09847911,0.711382,0.69587183,0.0,0.037393704,-0.15178612,-0.10087977,0.9999999
3.800388749979902,0.994691,0.05580674,0.08646103,0.0,0.022670342,0.7007086,-0.7130872,0.0,-0.10037907,0.7112616,0.6957234,0.0,0.03710633,-0.15158491,-0.10101668,1.0
3.8337252079800237,0.9943806,0.06363697,0.084602885,0.0,0.015901124,0.70031315,-0.71365863,0.0,-0.104663596,0.7109936,0.69536585,0.0,0.036165264,-0.15168123,-0.10095652,1.0
3.8670618750038557,0.99409825,0.07503614,0.07834794,0.0,0.0032756326,0.701115,-0.71304065,0.0,-0.108434744,0.7090891,0.6967314,0.0,0.034452822,-0.15192832,-0.10050948,1.0000001
3.900398416997632,0.99359095,0.0864438,0.07283233,0.0,-0.008797277,0.7015126,-0.7126028,0.0,-0.11269289,0.7073949,0.69777703,0.0,0.033052363,-0.15210953,-0.099884376,1.0000001
3.93373508300283,0.99333155,0.092071876,0.06939185,0.0,-0.015213214,0.70128495,-0.71271867,0.0,-0.11428482,0.70691025,0.69800925,0.0,0.03207231,-0.15205188,-0.099481575,1.0
3.967071749997558,0.993566,0.089229815,0.06974749,0.0,-0.012929819,0.7011872,-0.7128598,0.0,-0.11251442,0.70737153,0.6978296,0.0,0.03213516,-0.15157062,-0.09934334,0.99999994
4.000408291991334,0.99409354,0.08052464,0.07275937,0.0,-0.0045807273,0.70096046,-0.71318537,0.0,-0.10843044,0.7086397,0.69718915,0.0,0.033240777,-0.15059923,-0.09926012,1.0000001
4.033744916989235,0.9945641,0.07258126,0.07466147,0.0,0.0024949012,0.7002086,-0.71393394,0.0,-0.10409683,0.7102393,0.6962213,0.0,0.034206405,-0.14953764,-0.09905839,1.0000001
4.067081541987136,0.99479544,0.06847452,0.07545412,0.0,0.0060446193,0.69956297,-0.71454537,0.0,-0.101713076,0.7112826,0.6955081,0.0,0.034707062,-0.14845626,-0.0987254,1.0
4.1004181249882095,0.9949531,0.0678908,0.07388636,0.0,0.0051943,0.70051557,-0.71361816,0.0,-0.10020666,0.71040046,0.69662756,0.0,0.034747757,-0.14690022,-0.097759075,0.99999994
4.133754582988331,0.99489564,0.071258314,0.07144989,0.0,0.00085646653,0.70206696,-0.71211034,0.0,-0.1009064,0.70853674,0.6984223,0.0,0.034339543,-0.14564408,-0.09687723,1.0000001
4.167091291979887,0.99488336,0.072528936,0.07033334,0.0,-0.0012492355,0.70493525,-0.7092705,0.0,-0.1010231,0.7055536,0.70141894,0.0,0.034035906,-0.14403115,-0.09589448,1.0
4.20042787498096,0.9949982,0.07345119,0.067703076,0.0,-0.0042668027,0.7083812,-0.7058171,0.0,-0.0998027,0.7019979,0.7051514,0.0,0.03348325,-0.14199758,-0.09475902,0.9999999
4.233764500007965,0.9949969,0.074066095,0.067046925,0.0,-0.0055180173,0.7108225,-0.70334977,0.0,-0.09975285,0.6994609,0.70767504,0.0,0.033131257,-0.1399551,-0.09389689,1.0
4.267100917000789,0.9949275,0.0765547,0.065259516,0.0,-0.008808766,0.7125422,-0.7015739,0.0,-0.10020895,0.69744027,0.70960224,0.0,0.03264403,-0.13789919,-0.09295847,0.99999994
4.3004376250028145,0.99492127,0.07764151,0.064059235,0.0,-0.01060602,0.7137325,-0.700338,0.0,-0.10009647,0.6961018,0.71093106,0.0,0.032247324,-0.1354415,-0.09241224,0.99999994
4.333774166996591,0.9951572,0.07526658,0.06322273,0.0,-0.009735868,0.71549565,-0.6985493,0.0,-0.09781302,0.6945509,0.7127635,0.0,0.032127976,-0.13292837,-0.09148557,0.9999999
4.367110708000837,0.9954171,0.07421955,0.060303107,0.0,-0.0113026155,0.7174809,-0.69648635,0.0,-0.094959244,0.6926129,0.7150316,0.0,0.03183789,-0.13055177,-0.09033969,1.0
4.400447416992392,0.99553037,0.073508166,0.059294533,0.0,-0.011683831,0.7188791,-0.6950369,0.0,-0.0937165,0.6912375,0.71652496,0.0,0.031496752,-0.12843333,-0.0895947,1.0
4.433783916989341,0.9956068,0.073463984,0.058053758,0.0,-0.012716252,0.720354,-0.6934899,0.0,-0.09276581,0.6897051,0.7181237,0.0,0.031206891,-0.12633581,-0.08852068,0.99999994
4.467120582994539,0.995626,0.07401948,0.057008535,0.0,-0.013957506,0.7211769,-0.69261014,0.0,-0.0923799,0.6887851,0.7190557,0.0,0.030838551,-0.12439343,-0.08762188,0.9999999
4.500457041984191,0.995723,0.0726536,0.057071503,0.0,-0.013015597,0.72188205,-0.6918935,0.0,-0.09146747,0.68819153,0.7197403,0.0,0.030581,-0.12240526,-0.08703049,0.9999999
4.533793666982092,0.9957231,0.07429252,0.054918524,0.0,-0.015710097,0.7219365,-0.69178087,0.0,-0.09104185,0.6879595,0.7200161,0.0,0.030042905,-0.120552525,-0.08602746,1.0
4.567130207986338,0.9957974,0.07205647,0.05652882,0.0,-0.013005587,0.7222376,-0.69152266,0.0,-0.09065594,0.68788135,0.7201394,0.0,0.029860826,-0.1184393,-0.08517058,1.0
4.600466792006046,0.9960204,0.06966812,0.055587284,0.0,-0.012121077,0.7237758,-0.6899287,0.0,-0.08829878,0.68650925,0.7217399,0.0,0.029878737,-0.116216615,-0.08401575,1.0000001
4.63380345798214,0.99606323,0.072036766,0.05165914,0.0,-0.016687142,0.72471935,-0.688842,0.0,-0.08706035,0.68526816,0.7230684,0.0,0.029121248,-0.11428868,-0.08282134,1.0
4.667139917000895,0.9961161,0.07211213,0.050525125,0.0,-0.017725987,0.72630316,-0.68714595,0.0,-0.086248115,0.6835814,0.7247605,0.0,0.028644918,-0.11221424,-0.0815658,1.0000001
4.700476583006093,0.9960704,0.074830204,0.047372386,0.0,-0.022132758,0.72823876,-0.68496597,0.0,-0.08575456,0.6812259,0.7270334,0.0,0.028093016,-0.10993744,-0.08020412,1.0
4.733813166996697,0.9960326,0.07731489,0.044063415,0.0,-0.026484305,0.7302551,-0.68266094,0.0,-0.0849574,0.6787855,0.72940564,0.0,0.027418807,-0.107902266,-0.0789639,1.0000001
4.767149708000943,0.99624884,0.07488256,0.043369006,0.0,-0.025466127,0.7326863,-0.68008983,0.0,-0.08270275,0.67643434,0.73184484,0.0,0.02735324,-0.10551958,-0.07771358,0.9999999
4.800486291991547,0.9964155,0.07335689,0.04213097,0.0,-0.025340348,0.7339904,-0.678687,0.0,-0.08071009,0.67518663,0.73321825,0.0,0.027353862,-0.10308102,-0.076880656,1.0
4.83382287499262,0.9967279,0.06760259,0.044311605,0.0,-0.019792395,0.7356324,-0.6770917,0.0,-0.07837021,0.6739992,0.73456335,0.0,0.027743503,-0.10052706,-0.076196246,1.0
4.867159374989569,0.9968479,0.06629561,0.04358207,0.0,-0.019499935,0.7372033,-0.6753895,0.0,-0.076904215,0.6724108,0.73617226,0.0,0.027745277,-0.09816403,-0.075351655,1.0000001
4.900495957990643,0.99684703,0.06638002,0.04347135,0.0,-0.019801602,0.73863673,-0.67381275,0.0,-0.07683724,0.6708275,0.7376223,0.0,0.027614802,-0.09536828,-0.0743584,1.0
4.933832457987592,0.9968458,0.06656657,0.04321452,0.0,-0.020347644,0.7406768,-0.67155325,0.0,-0.076711,0.66855574,0.739695,0.0,0.027565511,-0.09277892,-0.073322184,1.0000001
4.967169082985492,0.99689025,0.066675454,0.042002454,0.0,-0.021581534,0.7436335,-0.668239,0.0,-0.07578958,0.66525453,0.74276006,0.0,0.027520476,-0.090138674,-0.07230575,0.99999994
5.000505707983393,0.99708104,0.06411273,0.041461542,0.0,-0.020402972,0.74702567,-0.664482,0.0,-0.0735746,0.6616965,0.74615324,0.0,0.027746946,-0.08711085,-0.07124663,1.0
5.033842125005322,0.99710953,0.06588412,0.037841782,0.0,-0.024324983,0.7486631,-0.6625042,0.0,-0.07197926,0.6596687,0.7481018,0.0,0.027662724,-0.084018655,-0.07032408,1.0
5.067178750003222,0.99735105,0.061471216,0.038888626,0.0,-0.020491818,0.75041837,-0.6606454,0.0,-0.06979342,0.6580985,0.7496901,0.0,0.028247183,-0.08039333,-0.06971565,1.0000001
5.100515166996047,0.9975391,0.059075203,0.037762854,0.0,-0.019679926,0.75285804,-0.65788853,0.0,-0.06729498,0.6555264,0.752168,0.0,0.028788121,-0.076728195,-0.0690019,1.0
5.133851791993948,0.9976884,0.056901462,0.03715018,0.0,-0.018742235,0.75588876,-0.65443176,0.0,-0.06531953,0.65222275,0.7552079,0.0,0.029152308,-0.072722495,-0.068374276,1.0
5.167188374995021,0.9978339,0.053774532,0.037891436,0.0,-0.016259236,0.75973666,-0.6500274,0.0,-0.06374243,0.64800334,0.7589653,0.0,0.029576216,-0.06840382,-0.06780915,0.9999999
5.200524832995143,0.99785215,0.054735575,0.03598938,0.0,-0.018648254,0.7640148,-0.64492905,0.0,-0.06279699,0.64287275,0.76339453,0.0,0.029338535,-0.06390124,-0.06736496,1.0
5.233861541986698,0.9979747,0.05231406,0.03619173,0.0,-0.017101629,0.7686317,-0.63946265,0.0,-0.061271016,0.6375487,0.76796967,0.0,0.029617842,-0.059282802,-0.06707195,0.9999999
5.267197957989993,0.9980506,0.051224917,0.03565472,0.0,-0.017024789,0.773065,-0.6340983,0.0,-0.060045052,0.63225514,0.77243,0.0,0.029745784,-0.054599322,-0.06694353,1.0
5.300534666981548,0.9981964,0.047568124,0.036622852,0.0,-0.0140212225,0.77790326,-0.62822735,0.0,-0.05837264,0.62658083,0.7771673,0.0,0.030306958,-0.049766965,-0.06686444,1.0
5.333871082984842,0.9982934,0.046644654,0.035137627,0.0,-0.014669461,0.78269124,-0.6222372,0.0,-0.05652596,0.6206598,0.7820398,0.0,0.030297333,-0.045073844,-0.06705391,1.0000001
5.3672076250077225,0.9984131,0.04486406,0.03403888,0.0,-0.014376813,0.7874604,-0.6161975,0.0,-0.054449394,0.61473036,0.78685576,0.0,0.03029073,-0.04045708,-0.06737892,1.0
5.4005441250046715,0.9985373,0.04266557,0.033212155,0.0,-0.013531439,0.79190964,-0.61048836,0.0,-0.052347865,0.609146,0.79132867,0.0,0.030758869,-0.035890035,-0.067918055,1.0
5.433880750002572,0.9987068,0.038463656,0.033245184,0.0,-0.01053809,0.796335,-0.60476404,0.0,-0.049735747,0.6036317,0.7957106,0.0,0.031087717,-0.03173647,-0.068617165,1.0
5.467217375000473,0.9987983,0.035684668,0.033594888,0.0,-0.008367262,0.799558,-0.60053056,0.0,-0.048290797,0.5995279,0.7988958,0.0,0.031422492,-0.028119281,-0.06956813,1.0
5.500553833000595,0.99882257,0.034255777,0.034354776,0.0,-0.0069644437,0.8020329,-0.59723926,0.0,-0.04801256,0.5962968,0.8013271,0.0,0.03195653,-0.025025241,-0.07072516,1.0
5.533890374994371,0.998825,0.031819604,0.03655335,0.0,-0.0038488163,0.80395776,-0.5946739,0.0,-0.048309647,0.5938345,0.80313563,0.0,0.032914072,-0.022499923,-0.07221389,0.99999994
5.567226916988147,0.9987351,0.029830197,0.04047812,0.0,-3.028327e-05,0.8053725,-0.59276897,0.0,-0.050282385,0.592018,0.80435467,0.0,0.034088455,-0.020341257,-0.074058324,0.99999994
5.600563499989221,0.99852026,0.02742128,0.046961926,0.0,0.005551473,0.8076541,-0.58963025,0.0,-0.054097414,0.58901846,0.8063067,0.0,0.035496157,-0.018082054,-0.075719155,1.0
5.63389999998617,0.9981477,0.02566606,0.055158127,0.0,0.011503377,0.81067246,-0.58538675,0.0,-0.059739757,0.58493704,0.8088757,0.0,0.037142474,-0.016535113,-0.07768708,0.99999994
5.667236499983119,0.997718,0.02923355,0.060864367,0.0,0.011602398,0.8137806,-0.58105624,0.0,-0.066516586,0.5804364,0.8115844,0.0,0.038570475,-0.015525427,-0.0797286,1.0
5.700572999980068,0.99718606,0.028311534,0.0694156,0.0,0.017079934,0.81579584,-0.5780877,0.0,-0.07299551,0.5776466,0.8130167,0.0,0.04078932,-0.013419606,-0.08206595,0.99999994
5.733909707982093,0.9964823,0.025555095,0.079813965,0.0,0.025146393,0.81731343,-0.5756444,0.0,-0.07994367,0.5756264,0.8137957,0.0,0.043545317,-0.011850299,-0.085040346,1.0
5.767246250004973,0.9957103,0.020371925,0.09025577,0.0,0.035113186,0.8192939,-0.5722976,0.0,-0.08560481,0.57301176,0.8150641,0.0,0.046790488,-0.010253532,-0.088389784,0.99999994
5.800582750001922,0.9948776,0.018042298,0.09946408,0.0,0.04198093,0.82133734,-0.5688958,0.0,-0.09195776,0.57015735,0.81637275,0.0,0.04974889,-0.008422814,-0.09204525,1.0000001
5.833919208002044,0.99383616,0.018948842,0.10922767,0.0,0.04654005,0.822939,-0.5662202,0.0,-0.10061694,0.56781363,0.8169847,0.0,0.05270029,-0.007129849,-0.09612734,1.0
5.86725574999582,0.99255,0.018899415,0.12036342,0.0,0.052543607,0.8249104,-0.5628162,0.0,-0.10992593,0.5649476,0.8177718,0.0,0.055917628,-0.0060228184,-0.10064285,1.0
5.900592207995942,0.9912736,0.021413645,0.13007006,0.0,0.055442818,0.82747275,-0.55876195,0.0,-0.11959457,0.56109744,0.8190647,0.0,0.059050664,-0.0053773634,-0.105466686,1.0
5.93392887499067,0.98967934,0.026478674,0.14083286,0.0,0.05704405,0.8287614,-0.55668694,0.0,-0.1314572,0.5589753,0.8186976,0.0,0.062198915,-0.0051741726,-0.110945545,0.99999994
5.967265374987619,0.9875185,0.028056484,0.15498425,0.0,0.063485265,0.829627,-0.5546969,0.0,-0.14414197,0.5576127,0.8174908,0.0,0.065647595,-0.0051304223,-0.116764225,1.0
6.000601874984568,0.98528516,0.03217184,0.16786395,0.0,0.06695479,0.83098197,-0.55225533,0.0,-0.157259,0.5553683,0.81660014,0.0,0.068905614,-0.005793535,-0.122861944,1.0
6.033938457985641,0.982848,0.03535252,0.18099742,0.0,0.07138054,0.8320284,-0.5501212,0.0,-0.1700432,0.55360526,0.815234,0.0,0.0723967,-0.006919737,-0.12917307,1.0
6.067274917004397,0.9805638,0.04181298,0.19169311,0.0,0.07173173,0.8329871,-0.5486228,0.0,-0.18261747,0.5517101,0.8137978,0.0,0.07538843,-0.008751024,-0.13552448,1.0
6.100611542002298,0.9781373,0.049450945,0.20199539,0.0,0.07101949,0.8334899,-0.5479515,0.0,-0.19545786,0.55031747,0.8117556,0.0,0.07753764,-0.010787903,-0.14197513,1.0
6.133948083006544,0.9759261,0.05919102,0.209916,0.0,0.067567445,0.8330651,-0.5490329,0.0,-0.20737153,0.5499991,0.8090106,0.0,0.079500474,-0.013722698,-0.14844835,1.0000001
6.167284458002541,0.9736411,0.06469324,0.2187186,0.0,0.068670265,0.8312949,-0.55157334,0.0,-0.21750274,0.552054,0.80494046,0.0,0.081486,-0.016840812,-0.1550056,1.0
6.200621166994097,0.97147053,0.06712534,0.22746249,0.0,0.07287339,0.8282186,-0.55564684,0.0,-0.22568667,0.55637056,0.79969835,0.0,0.0832517,-0.019292686,-0.16183499,1.0
6.233957541990094,0.9694061,0.0676308,0.23596177,0.0,0.07866145,0.82500315,-0.55962676,0.0,-0.23251723,0.5610667,0.79444325,0.0,0.08492542,-0.022264183,-0.16808178,1.0000001
6.267294124991167,0.96731436,0.06644201,0.24472123,0.0,0.0858819,0.8221927,-0.56269294,0.0,-0.2385945,0.5653181,0.78961265,0.0,0.086370625,-0.025013924,-0.17390329,1.0
6.300630624988116,0.9651766,0.063547544,0.25376347,0.0,0.09397345,0.82107174,-0.5630363,0.0,-0.24413764,0.5672766,0.7865075,0.0,0.08797692,-0.02668685,-0.17883623,0.9999999
6.3339672919828445,0.96297795,0.062587865,0.2622141,0.0,0.099887975,0.8205998,-0.5627063,0.0,-0.25039142,0.56806576,0.7839678,0.0,0.088780165,-0.02856797,-0.18332386,1.0
6.3673037919797935,0.96071714,0.06398642,0.2700529,0.0,0.103361785,0.8205611,-0.5621349,0.0,-0.25756395,0.5679658,0.78171337,0.0,0.08908924,-0.030094549,-0.18728113,1.0
6.40064033298404,0.95849365,0.06808237,0.27686605,0.0,0.10385024,0.8209962,-0.56140924,0.0,-0.26552805,0.56685984,0.77984923,0.0,0.089150354,-0.030991852,-0.19024682,1.0
6.4339766670018435,0.95648277,0.07277706,0.28256717,0.0,0.10336887,0.8210798,-0.5613756,0.0,-0.27286547,0.56615484,0.77782583,0.0,0.088863686,-0.03228655,-0.19394636,1.0
6.467313291999744,0.9549078,0.074761845,0.2873358,0.0,0.10487266,0.8204614,-0.56200075,0.0,-0.27776417,0.56679255,0.7756246,0.0,0.0891537,-0.033589803,-0.19765949,1.0
6.500649916997645,0.9537002,0.07332222,0.29168463,0.0,0.109565444,0.81848437,-0.5639847,0.0,-0.28009194,0.56983083,0.7725551,0.0,0.08989839,-0.03485977,-0.2014662,1.0
6.533986333000939,0.9527073,0.070481956,0.29560316,0.0,0.115339,0.8160814,-0.566311,0.0,-0.28115097,0.5736232,0.7693574,0.0,0.09060917,-0.036372133,-0.20528525,1.0
6.567322832997888,0.95167553,0.06885173,0.29928777,0.0,0.120240025,0.8132062,-0.5694189,0.0,-0.28258818,0.5778885,0.7656297,0.0,0.09111859,-0.03792266,-0.20897356,1.0
6.600659332994837,0.950801,0.06912425,0.30199236,0.0,0.12276863,0.81091416,-0.5721415,0.0,-0.2844388,0.5810679,0.7625318,0.0,0.09198022,-0.03923209,-0.2121579,1.0
6.633995957992738,0.9501435,0.073215015,0.30309585,0.0,0.12090582,0.80948806,-0.5745527,0.0,-0.28741837,0.58255357,0.7602776,0.0,0.09170851,-0.041091826,-0.21525124,1.0
6.66733241698239,0.9493504,0.078325175,0.3043011,0.0,0.11841362,0.80785686,-0.57736075,0.0,-0.29105365,0.5841511,0.75766444,0.0,0.09118968,-0.043228067,-0.21845174,1.0
6.700669041980291,0.94857705,0.084848106,0.30496287,0.0,0.1146713,0.80586284,-0.580892,0.0,-0.29504588,0.5859913,0.7546934,0.0,0.0912267,-0.045154687,-0.22144976,1.0
6.734005542006344,0.9474762,0.08939236,0.30707982,0.0,0.11364718,0.80338115,-0.58451945,0.0,-0.2989537,0.58871704,0.7510253,0.0,0.091017365,-0.04753747,-0.22460034,1.0000001
6.767342042003293,0.9461357,0.09283097,0.31017688,0.0,0.11456731,0.80004066,-0.5889051,0.0,-0.3028228,0.5927203,0.74631166,0.0,0.0911727,-0.04947199,-0.22738402,0.99999994
6.800678458006587,0.94483423,0.09548662,0.31332165,0.0,0.11589534,0.797229,-0.5924474,0.0,-0.30635995,0.5960772,0.7421829,0.0,0.09149711,-0.051413648,-0.22979127,0.9999999
6.834014958003536,0.9437744,0.09858246,0.31554925,0.0,0.11644945,0.7941913,-0.5964056,0.0,-0.30940163,0.59961796,0.7380576,0.0,0.0916671,-0.053526156,-0.23224477,0.99999994
6.867351499997312,0.9429881,0.100311026,0.3173504,0.0,0.11745598,0.7918534,-0.59930974,0.0,-0.31141242,0.60241663,0.7349262,0.0,0.09182386,-0.05549951,-0.23431796,1.0
6.900688124995213,0.9426756,0.10211702,0.31770268,0.0,0.11662964,0.79117817,-0.6003621,0.0,-0.31266665,0.6030003,0.73391443,0.0,0.09237352,-0.056743942,-0.2353828,1.0
6.9340245419880375,0.9422978,0.104212604,0.31814253,0.0,0.113593936,0.79440564,-0.5966708,0.0,-0.31491488,0.5983807,0.7367288,0.0,0.091844775,-0.05699122,-0.23628233,0.99999994
6.967361124989111,0.94224584,0.10958424,0.31648743,0.0,0.108752854,0.7936466,-0.59858006,0.0,-0.3167741,0.5984285,0.73589253,0.0,0.09122491,-0.057656556,-0.237441,1.0
7.000697707990184,0.94188875,0.11467812,0.31574446,0.0,0.1044457,0.7933653,-0.59971875,0.0,-0.31927538,0.5978465,0.7352842,0.0,0.090697065,-0.05785412,-0.23860843,0.99999994
7.034034166979836,0.94151974,0.11615917,0.31630284,0.0,0.1034474,0.7937262,-0.599414,0.0,-0.32068536,0.5970809,0.7352926,0.0,0.090421066,-0.05742803,-0.23931031,0.9999999
7.067370542004937,0.94171697,0.1164161,0.3156209,0.0,0.10346251,0.79251134,-0.6010168,0.0,-0.3201012,0.5986427,0.73427665,0.0,0.09078742,-0.057234935,-0.23961785,1.0
7.10070708298008,0.94184047,0.11338453,0.31635514,0.0,0.10710741,0.7909941,-0.6023755,0.0,-0.31853515,0.6012256,0.732846,0.0,0.09164354,-0.05709008,-0.23965657,1.0000001
7.13404362500296,0.9419021,0.10918391,0.3176467,0.0,0.11153083,0.79037195,-0.6023894,0.0,-0.3168303,0.6028193,0.73227566,0.0,0.092288435,-0.056946106,-0.23971903,1.0
7.167380166996736,0.9420903,0.10522444,0.318424,0.0,0.11526378,0.7900585,-0.60209763,0.0,-0.31492904,0.6039331,0.7321779,0.0,0.09271901,-0.056866072,-0.23969322,1.0
7.200716624996858,0.94240934,0.10652713,0.3170435,0.0,0.11372422,0.78938127,-0.6032776,0.0,-0.3145337,0.60459006,0.7318056,0.0,0.0927617,-0.056557592,-0.2388478,0.99999994
7.234053124993807,0.9425623,0.10882403,0.31580645,0.0,0.11110018,0.7894787,-0.603639,0.0,-0.31501296,0.6040535,0.7320425,0.0,0.09233437,-0.056692816,-0.23897922,1.0
7.267389666987583,0.94263154,0.110087685,0.31516117,0.0,0.10984022,0.78922105,-0.6042063,0.0,-0.31524754,0.60416126,0.7318526,0.0,0.0921752,-0.05672818,-0.23900457,0.99999994
7.300726082990877,0.9426002,0.11045432,0.31512648,0.0,0.10995118,0.78841984,-0.6052312,0.0,-0.3153024,0.6051397,0.73102015,0.0,0.09227283,-0.056732375,-0.23922554,1.0000001
7.334062624984654,0.9424392,0.10727697,0.31670192,0.0,0.11348495,0.7883031,-0.60473084,0.0,-0.31453085,0.605863,0.7307534,0.0,0.09264547,-0.05657117,-0.2394982,1.0
7.367399042006582,0.942431,0.10327545,0.31805354,0.0,0.1176743,0.7878585,-0.60450935,0.0,-0.3130122,0.6071351,0.7303494,0.0,0.09319792,-0.056411915,-0.23977265,1.0
7.400735582981724,0.9419918,0.09960524,0.32051575,0.0,0.12206167,0.7878968,-0.60358876,0.0,-0.312654,0.6076984,0.7300344,0.0,0.09378457,-0.056172825,-0.24008095,1.0
7.43407204200048,0.941697,0.09760629,0.3219935,0.0,0.12413163,0.78870183,-0.60211354,0.0,-0.312727,0.60697806,0.73060215,0.0,0.09402234,-0.05598008,-0.24027085,1.0
7.4674086250015534,0.9415056,0.09827945,0.32234794,0.0,0.1240694,0.7882576,-0.60270756,0.0,-0.31332707,0.6074462,0.7299556,0.0,0.093796656,-0.055765696,-0.24054909,1.0
7.50074516699533,0.94171804,0.09808693,0.32178587,0.0,0.12404017,0.78790313,-0.60317713,0.0,-0.31269994,0.60793716,0.7298159,0.0,0.09329157,-0.055249266,-0.24065287,0.99999994
7.534081541991327,0.94222564,0.099283315,0.31992778,0.0,0.12233814,0.7871063,-0.6045635,0.0,-0.3118403,0.6087746,0.7294856,0.0,0.092706345,-0.05496194,-0.24087839,0.99999994
7.567418041988276,0.9422178,0.09810046,0.3203154,0.0,0.12358533,0.78693146,-0.60453737,0.0,-0.31137174,0.60919213,0.7293371,0.0,0.09255394,-0.054729693,-0.24101986,0.9999999
7.600754582992522,0.94193375,0.0977712,0.32125026,0.0,0.124252655,0.78729343,-0.6039291,0.0,-0.3119651,0.6087774,0.7294299,0.0,0.09259437,-0.05465842,-0.24099323,1.0
7.634091124986298,0.94106925,0.097440876,0.32387352,0.0,0.12547718,0.7886707,-0.60187536,0.0,-0.3140768,0.6070451,0.7299672,0.0,0.09286851,-0.054623954,-0.24110255,1.0
7.667427624983247,0.940346,0.097634524,0.32590958,0.0,0.12614106,0.78961074,-0.6005025,0.0,-0.31597152,0.6057907,0.7301915,0.0,0.09319344,-0.054573976,-0.24104291,1.0
7.700764042005176,0.94011414,0.09993644,0.32588044,0.0,0.12390455,0.7904587,-0.5998521,0.0,-0.31754217,0.60430753,0.73073894,0.0,0.09314638,-0.054677572,-0.2408386,0.9999999
7.734100500005297,0.9405362,0.102512345,0.32385626,0.0,0.120848514,0.79003006,-0.601039,0.0,-0.3174702,0.60443646,0.7306635,0.0,0.09273015,-0.055037584,-0.24077173,0.9999999
7.767436958005419,0.9413813,0.10493839,0.3206078,0.0,0.116828434,0.7901592,-0.6016638,0.0,-0.3164689,0.6038512,0.7315814,0.0,0.09199916,-0.055288818,-0.24041326,0.99999994
